1 0 5176073ff13f05bc4d7502fc5e8416c3 1
1 0 9b818aa5a5186ba2c1e21d46a1b2c08c 1
1 0 2f9ee7a79cbb18c3f15068d163224e98 1
1 0 925bbdf487075277aacf974a16839bfb 1
1 0 19671c35f3c5778e6e7bda67bbe82c20 1
1 0 feff7c48b39d7f95ea38ebb5b820d4c4 1
1 0 a32841a901a2166d059efa26017352c9 1
1 0 890835deed7e1347ba02c923ac80d3fa 1
1 0 e98541e5db775fc1ec9586dbfc81ae7c 1
1 0 e0527bbd142837126c6940e0e6befa7d 1
1 0 cfe305accada0845cebfb83535bd97bc 1
1 0 dc1970632e99a0e61f02ee96338a1f72 1
1 0 45a0e4edf4cd849ae479e5c0982e6a2f 1
1 0 0b2076dcab343e5d1d543ca422caaa00 1
1 0 d4c5b3d9d2d064c7a80893e19e04fc68 1
1 0 d5268b58c608cbb49afdf7cbb4e41ad1 1
1 0 45d8abf8dd9b960841cd59aca776253a 1
1 0 21c935fe2d3d205f9093c359eb6c00ff 1
1 0 6b85362a3ead02c379cd9560397c91a2 1
1 0 048369252a211513fb3764498c796e23 1
1 0 66148eafc48a6b8277915bef827de3e3 1
1 0 bb03ada877d2682a89c68e3f94bf884e 1
1 0 c917064729d1e49e1eec25116afeb102 1
1 0 31f590c1ebeadc49f5f38494d6700173 1
1 0 220d6d368d6290c889c2b985e5dea157 1
1 0 0cab151e757b78327f9e0f6da7ed70d0 1
1 0 6e8ea8db42ce9048dfb3c9e5559ee37e 1
1 0 a5d245763febf542b3d076f479672933 1
1 0 d2a5dd48cb599d522e6dfcbcef4bdd96 1
1 0 427c0b9c3ecf1684ebdde1551d25abb1 1
1 0 aadaaa063897c75348b069a5d81e67ee 1
1 0 7d3a2cdb7109b3d4cfbad71e90262191 1
1 0 47b343c0592415451ceb6720fee6dc0b 1
1 0 5434fd8d2b694acb56fdf575da9bb9fe 1
1 0 f0d6ee49a64008a580cc166e91ff0c98 1
1 0 adf696441c3cfd5b92328e0bf1519be8 1
1 0 19282536678c9c01f78cfc807149c8a7 1
1 0 6fc3986c57e700118c894249d8c89ad4 1
1 0 de5b28b8599b6b94fa22d755a0ff2d3f 1
1 0 a0e972b2d4bf6f3e368858e9e6932541 1
1 0 95ba03dd7115836f6ad149e064b18a41 1
1 0 ee1b3f1012012856e1eafa3dddc0f7c0 1
1 0 bb7d399c40ba2e0453676aed4c5c5d9b 1
1 0 78a26c4e4bcb64af67f2de4a946fac6f 1
1 0 84e007379b05bb74146e8813167ffd05 1
1 0 06345b80ddbd3d8c8a9705c7800ef3e6 1
1 0 57571bb520dea4773416087e4dd354be 1
1 0 02125e104261c39a4b253fa26fb64331 1
2 0 a08093efed26a3cbf1c1f53e97bcfe70 1
2 0 e372895a375536b9254ff10a44d42e1e 1
2 0 35d54a2e3f435846c0a4c2fd14a85dcb 1
2 0 a485373455e698967ad0e2ab06a427f4 1
2 0 63fc5ac6ca37ccc4d0f96ade49807351 1
2 0 f9ecea94597eaac9f35a09780bd660fe 1
2 0 80995b17bb0ab1baf5f4e684c2c103e8 1
2 0 1080662080cf650bcd888c7a82d8c99d 1
2 0 394ac8d6c58ce4b0b69f4cbcf49d98b4 1
2 0 51b8908a41322b0b78064ba5e0e46d73 1
2 0 0f9a8eca5dab064a6082fecaefe745bc 1
2 0 032b76cbc11089306fd60d281c92b287 1
2 0 a81735efcf4877a5c33097b6115f1fa7 1
3 0 059e64ad9cd42ce829832eead8c7b24d 1
3 0 996706eaa9d8762095d028738478c21e 1
3 0 991fc66883580d8af748674023deb3c6 1
3 0 fbca881080b9779cf678aeff8edfc919 1
3 0 99526b00e8c0b387aa2dade93c725bf9 1
3 0 8351b1a52d7f28017870d78be2b523cd 1
3 0 4df053e5527b254808d625127351f6df 1
3 0 0fd16c56b3ed1d0173706dcd78ffcc6d 1
3 0 9bc3245ba0bcaf3206f87e169f5c2975 1
