1 0 c05bb398-360e-4a36-9c35-686195c59983 1
1 0 6e50a238-6a57-4475-9073-9394e6a8aaf7 1
1 0 2d9d5f2d-860b-49b4-989c-6d0951ae78bd 1
1 0 c063afff-5749-4de3-9ccb-4441acb2906d 1
1 0 dc34f0a0-15c4-474a-8759-71dc47343da8 1
1 0 87dad4c5-5503-4c48-b569-8bd490fbeaa0 1
1 0 1217fd2d-ca62-4f3a-aa93-63892f76cf81 1
2 0 72cad1a0-4032-4b80-bcf1-52fba76e1929 1
2 0 f4a8335b-2d16-4f5a-b89b-478382d9c8e6 1
2 0 f26b1444-6088-4fb6-b859-f56f6bf832f4 1
2 0 95acc7f4-1462-4321-a19b-6b1f040b6827 1
2 0 8a0a60ad-feef-4dd1-b6e9-5032e43a19a0 1
2 0 e86e4105-4c81-4691-8d78-00f05bdd2c19 1
2 0 d1cb35a4-2ce6-4b27-a49b-627c74708042 1
2 0 fb893ec4-abd5-40a6-9160-2962f922e8b2 1
3 0 e440aecb-f875-4360-84ee-0d2f1038f48b 1
3 0 6850144a-9f3b-44c7-a298-ede8c307d2dc 1
3 0 4e60fbaa-505e-4cb7-bd20-20349f4619f9 1
3 0 e73fa77d-c160-4fbe-aa1f-4f7183190c6b 1
3 0 1b0ac037-b339-41f4-af95-6ac1e7c60b23 1
3 0 75ec0980-7a1d-4216-88ab-fce71c3cf54a 1
3 0 f8d3c69c-6650-49e7-8c35-ce862fd86f98 1
3 0 d4051c54-d5dd-4c5b-95f6-b8528fae32bf 1
3 0 393f5984-3e52-4221-8661-f24376232429 1
